0003
0013
0017
0019
0022
0033
0041
0047
0054
0060
0062
0065
0070
0093
0098
0108
0112
0115
0117
0123
0125
0126
0128
0130
0148
0156
0160
0163
0172
0183
0188
0197
0206
0211
0219
0226
0237
0242
0246
0248
0249
0262
0264
0266
0267
0276
0277
0285
0320
0323
0325
0332
0337
0342
0345
0354
0366
0368
0378
0381
0386
0404
0408
0418
0419
0428
0434
0451
0454
0474
0477
0485
0489
0496
0501
0504
0516
0529
0530
0535
0538
0542
0548
0562
0574
0587
0590
0608
0610
0612
0622
0634
0642
0647
0648
0658
0665
0672
0687
0688
0703
0705
0712
0714
0719
0726
0729
0734
0740
0749
0753
0757
0769
0776
0781
0783
0786
0792
0804
0807
0814
0822
0829
0832
0842
0845
0855
0860
0864
0874
0877
0890
0913
0917
0925
0930
0935
0936
0945
0947
0966
0968
0979
0997
0999
1007
1011
1013
1015
1018
1022
1026
1033
1043
1045
1047
1052
1059
1061
1062
1070
1073
1077
1107
1112
1115
1119
1121
1126
1133
1137
1142
1145
1160
1163
1165
1170
